11.428571428571445 0.31845238095238093
12.5 0.34066798941798915
13.571428571428584 0.36658730158730135
14.642857142857139 0.40361772486772507
15.714285714285722 0.42212962962962974
16.785714285714278 0.4702711640211641
16.785714285714278 0.49990079365079376
18.928571428571416 0.5369246031746036
20.00000000000003 0.5776587301587304
21.071428571428584 0.6072817460317461
23.214285714285722 0.6628240740740741
26.428571428571445 0.747989417989418
28.571428571428584 0.8035317460317459
29.64285714285714 0.859080687830688
33.928571428571445 0.89609126984127
37.14285714285714 0.9590343915343915
39.28571428571428 0.9960582010582013
41.428571428571416 1.0441931216931217
45.71428571428572 1.1182407407407409
50 1.1737698412698414
53.21428571428572 1.1996759259259262
59.64285714285714 1.2996362433862434
61.78571428571428 1.3181415343915346
67.14285714285714 1.3366269841269844
70.35714285714286 1.351421957671958
78.92857142857144 1.410628306878307
87.5 1.4550198412698414
96.07142857142856 1.4623743386243389
104.64285714285717 1.488247354497355
111.07142857142856 1.503022486772487
117.5 1.5289087301587303
125 1.539973544973545
136.78571428571428 1.5732341269841272
149.64285714285717 1.599080687830688
162.5 1.6027050264550267
177.5 1.6396494708994713
190.35714285714283 1.650681216931217
211.78571428571428 1.6690674603174607
228.92857142857144 1.7022949735449737
250.3571428571429 1.7243849206349209
267.5 1.7576124338624344
284.6428571428571 1.8130621693121696
308.2142857142857 1.8240277777777782
338.21428571428567 1.864583333333334
366.07142857142856 1.890337301587302
401.42857142857144 1.9160449735449738
434.6428571428571 1.9195436507936512
476.42857142857133 1.9674338624338628
538.5714285714286 2.015198412698413
596.4285714285714 2.0370634920634925
653.2142857142858 2.0885648148148155
698.2142857142857 2.0623611111111115
751.7857142857143 2.1027711640211644
809.6428571428571 2.1357473544973553
901.7857142857141 2.161104497354498
984.2857142857141 2.1865211640211646